freq	S(1,1)
1.00000000000000000E9	9.19684869852995135E-1 / 1.53298836300709551E2
1.10000000000000009E9	8.66391290127571523E-1 / 1.48482701603408507E2
1.19999999999999996E9	7.88119940952920928E-1 / 1.43572510053892266E2
1.30000000000000004E9	6.83944785652347154E-1 / 1.39520664241211323E2
1.39999999999999991E9	5.63850681254261943E-1 / 1.38133437392074154E2
1.50000000000000000E9	4.51450125401133029E-1 / 1.41955126105030827E2
1.60000000000000009E9	3.76923132534304317E-1 / 1.52504294989565459E2
1.69999999999999996E9	3.57260413355763440E-1 / 1.66487243568491072E2
1.80000000000000004E9	3.80140598287492981E-1 / 1.77805460618276578E2
1.89999999999999991E9	4.21159968249517469E-1 / -1.75429269822627631E2
2.00000000000000000E9	4.64721832162409232E-1 / -1.71939130955849850E2
2.10000000000000009E9	5.04611044543454135E-1 / -1.70324233224081523E2
2.20000000000000018E9	5.39196752356146281E-1 / -1.69724612718380752E2
2.29999999999999982E9	5.68585480877808269E-1 / -1.69670911554902726E2
2.39999999999999991E9	5.93421240164227459E-1 / -1.69910576837542138E2
2.50000000000000000E9	6.14434670485809686E-1 / -1.70305821678944502E2
2.60000000000000009E9	6.32290864778140094E-1 / -1.70780045711900041E2
2.70000000000000018E9	6.47550569462795345E-1 / -1.71289998897422890E2
2.79999999999999982E9	6.60671915037959323E-1 / -1.71811060492333878E2
2.89999999999999991E9	6.72024577060356787E-1 / -1.72329252097810648E2
3.00000000000000000E9	6.81905896103712639E-1 / -1.72836788602336422E2
3.10000000000000009E9	6.90555399592485042E-1 / -1.73329538451479159E2
3.20000000000000018E9	6.98166828366703296E-1 / -1.73805542189535833E2
3.29999999999999982E9	7.04897735535645165E-1 / -1.74264132335678679E2
3.39999999999999991E9	7.10877021040880308E-1 / -1.74705402720580549E2
3.50000000000000000E9	7.16210807286345741E-1 / -1.75129884989618034E2
3.60000000000000009E9	7.20987016305105044E-1 / -1.75538350056488701E2
3.70000000000000018E9	7.25278942845839403E-1 / -1.75931686028783174E2
3.79999999999999982E9	7.29148054530052470E-1 / -1.76310823496815350E2
3.89999999999999991E9	7.32646197146338629E-1 / -1.76676690424850813E2
4.00000000000000000E9	7.35817341057825658E-1 / -1.77030185655200256E2
4.09999999999999964E9	7.38698972249674934E-1 / -1.77372164143670052E2
4.20000000000000018E9	7.41323206873658869E-1 / -1.77703429574437766E2
4.29999999999999982E9	7.43717689508258584E-1 / -1.78024731580783646E2
4.40000000000000036E9	7.45906321295685970E-1 / -1.78336765794460561E2
4.50000000000000000E9	7.47909853505048705E-1 / -1.78640175581784755E2
4.59999999999999964E9	7.49746374037606333E-1 / -1.78935554733045410E2
4.70000000000000018E9	7.51431708285877153E-1 / -1.79223450636292680E2
4.79999999999999982E9	7.52979751099189709E-1 / -1.79504367638624318E2
4.90000000000000036E9	7.54402743034644985E-1 / -1.79778770410356037E2
5.00000000000000000E9	7.55711501317356316E-1 / 1.79952912799245834E2
5.09999999999999964E9	7.56915613798655151E-1 / 1.79690287078257649E2
5.20000000000000018E9	7.58023602537486063E-1 / 1.79432987973104008E2
5.29999999999999982E9	7.59043062327442808E-1 / 1.79180678827193107E2
5.40000000000000036E9	7.59980778466362494E-1 / 1.78933048337680733E2
5.50000000000000000E9	7.60842827253990084E-1 / 1.78689808323313803E2
5.59999999999999964E9	7.61634662058089695E-1 / 1.78450691691953756E2
5.70000000000000018E9	7.62361187273921903E-1 / 1.78215450594122737E2
5.79999999999999982E9	7.63026822088312073E-1 / 1.77983854748010017E2
5.90000000000000036E9	7.63635555625909035E-1 / 1.77755689921322646E2
6.00000000000000000E9	7.64190994785080058E-1 / 1.77530756555834546E2
6.09999999999999964E9	7.64696405851152949E-1 / 1.77308868521263152E2
6.20000000000000018E9	7.65154750795248528E-1 / 1.77089851986033753E2
6.29999999999999982E9	7.65568719019829480E-1 / 1.76873544393490612E2
6.40000000000000036E9	7.65940755190961475E-1 / 1.76659793533113563E2
6.50000000000000000E9	7.66273083697237212E-1 / 1.76448456697269829E2
6.59999999999999964E9	7.66567730192343166E-1 / 1.76239399914946437E2
6.70000000000000018E9	7.66826540609218199E-1 / 1.76032497254758802E2
6.79999999999999982E9	7.67051197976122889E-1 / 1.75827630190313822E2
6.90000000000000036E9	7.67243237316662796E-1 / 1.75624687021715742E2
7.00000000000000000E9	7.67404058875241724E-1 / 1.75423562347647666E2
7.09999999999999964E9	7.67534939875231892E-1 / 1.75224156583040158E2
7.20000000000000018E9	7.67637044988244099E-1 / 1.75026375517860044E2
7.29999999999999982E9	7.67711435668362441E-1 / 1.74830129913016430E2
7.40000000000000036E9	7.67759078484375390E-1 / 1.74635335129798008E2
7.50000000000000000E9	7.67780852565264205E-1 / 1.74441910789628452E2
7.59999999999999964E9	7.67777556259001592E-1 / 1.74249780461254677E2
7.70000000000000018E9	7.67749913091707725E-1 / 1.74058871372781931E2
7.79999999999999982E9	7.67698577102984991E-1 / 1.73869114146230674E2
7.90000000000000036E9	7.67624137623630443E-1 / 1.73680442552525593E2
8.00000000000000000E9	7.67527123553556123E-1 / 1.73492793285035352E2
8.09999999999999964E9	7.67408007190541674E-1 / 1.73306105749971695E2
8.19999999999999929E9	7.67267207654145356E-1 / 1.73120321872117633E2
8.30000000000000071E9	7.67105093943653227E-1 / 1.72935385914509299E2
8.40000000000000036E9	7.66921987664138172E-1 / 1.72751244310823604E2
8.50000000000000000E9	7.66718165450542344E-1 / 1.72567845509347562E2
8.59999999999999964E9	7.66493861115993624E-1 / 1.72385139827507783E2
8.69999999999999929E9	7.66249267547330071E-1 / 1.72203079316036201E2
8.80000000000000071E9	7.65984538367941248E-1 / 1.72021617631934243E2
8.90000000000000036E9	7.65699789385466190E-1 / 1.71840709919471846E2
9.00000000000000000E9	7.65395099839630522E-1 / 1.71660312698530859E2
9.09999999999999964E9	7.65070513463448520E-1 / 1.71480383759661192E2
9.19999999999999929E9	7.64726039369187127E-1 / 1.71300882065277027E2
9.30000000000000071E9	7.64361652768827415E-1 / 1.71121767656469292E2
9.40000000000000036E9	7.63977295537211454E-1 / 1.70943001564958763E2
9.50000000000000000E9	7.63572876624719044E-1 / 1.70764545729755213E2
9.59999999999999964E9	7.63148272324962029E-1 / 1.70586362918125234E2
9.69999999999999929E9	7.62703326401835469E-1 / 1.70408416650509476E2
9.80000000000000071E9	7.62237850079086598E-1 / 1.70230671129059452E2
9.90000000000000036E9	7.61751621894497166E-1 / 1.70053091169495785E2
1.00000000000000000E10	7.61244387419726198E-1 / 1.69875642136016825E2


